[gd_scene load_steps=9 format=2]

[ext_resource path="res://effects/left_laser_material.tres" type="Material" id=1]
[ext_resource path="res://effects/right_laser_material.tres" type="Material" id=2]
[ext_resource path="res://effects/ring_material.tres" type="Material" id=3]
[ext_resource path="res://effects/back_laser_material.tres" type="Material" id=4]
[ext_resource path="res://effects/center_lights_material.tres" type="Material" id=5]

[sub_resource type="QuadMesh" id=1]
size = Vector2( 2, 500 )

[sub_resource type="QuadMesh" id=3]
size = Vector2( 250, 250 )

[sub_resource type="QuadMesh" id=5]
size = Vector2( 0.25, 500 )

[node name="Lasers" type="Spatial"]

[node name="BackLaser" type="Spatial" parent="."]
transform = Transform( 1, 0, 0, 0, 1, 0, 0, 0, 1, 0, 0, -111.068 )
visible = false

[node name="MeshInstance" type="MeshInstance" parent="BackLaser"]
transform = Transform( 0.452138, -0.398067, 0.798194, 0.660801, 0.750561, 0, -0.599093, 0.527448, 0.6024, 0, 13.5015, 15.4832 )
mesh = SubResource( 1 )
skeleton = NodePath("../..")
material/0 = ExtResource( 4 )

[node name="MeshInstance2" type="MeshInstance" parent="BackLaser"]
transform = Transform( 0.452138, 0.398067, -0.798194, -0.660801, 0.750561, 0, 0.599093, 0.527448, 0.6024, 0, 13.5015, 15.4832 )
mesh = SubResource( 1 )
skeleton = NodePath("../..")
material/0 = ExtResource( 4 )

[node name="RingLights" type="Spatial" parent="."]
transform = Transform( 1, 0, 0, 0, 1, 0, 0, 0, 1, 0, 0, 9.38921 )
visible = false

[node name="MeshInstance" type="MeshInstance" parent="RingLights"]
transform = Transform( 1, 0, 0, 0, 1, 0, 0, 0, 1, 0, 13.5015, -133.146 )
mesh = SubResource( 3 )
skeleton = NodePath("../..")
material/0 = ExtResource( 3 )

[node name="MeshInstance2" type="MeshInstance" parent="RingLights"]
transform = Transform( 1, 0, 0, 0, 1, 0, 0, 0, 1, 0, 13.5015, -99.5131 )
mesh = SubResource( 3 )
skeleton = NodePath("../..")
material/0 = ExtResource( 3 )

[node name="MeshInstance3" type="MeshInstance" parent="RingLights"]
transform = Transform( 1, 0, 0, 0, 1, 0, 0, 0, 1, 0, 13.5015, -74.6628 )
mesh = SubResource( 3 )
skeleton = NodePath("../..")
material/0 = ExtResource( 3 )

[node name="MeshInstance4" type="MeshInstance" parent="RingLights"]
transform = Transform( 1, 0, 0, 0, 1, 0, 0, 0, 1, 0, 13.5015, -49.111 )
mesh = SubResource( 3 )
skeleton = NodePath("../..")
material/0 = ExtResource( 3 )

[node name="MeshInstance5" type="MeshInstance" parent="RingLights"]
transform = Transform( 1, 0, 0, 0, 1, 0, 0, 0, 1, 0, 13.5015, -15.4778 )
mesh = SubResource( 3 )
skeleton = NodePath("../..")
material/0 = ExtResource( 3 )

[node name="MeshInstance6" type="MeshInstance" parent="RingLights"]
transform = Transform( 1, 0, 0, 0, 1, 0, 0, 0, 1, 0, 13.5015, 9.37244 )
mesh = SubResource( 3 )
skeleton = NodePath("../..")
material/0 = ExtResource( 3 )

[node name="LeftLasers" type="Spatial" parent="."]
transform = Transform( 0.707107, 0, 0.707107, 0, 1, 0, -0.707107, 0, 0.707107, -100, 0, -100 )
visible = false

[node name="MeshInstance" type="MeshInstance" parent="LeftLasers"]
transform = Transform( 0.452138, -0.398067, 0.798194, 0.660801, 0.750561, 0, -0.599093, 0.527448, 0.6024, 0, 13.5015, 15.4832 )
mesh = SubResource( 1 )
skeleton = NodePath("../..")
material/0 = ExtResource( 1 )

[node name="MeshInstance2" type="MeshInstance" parent="LeftLasers"]
transform = Transform( 0.452138, 0.398067, -0.798194, -0.660801, 0.750561, 0, 0.599093, 0.527448, 0.6024, 0, 13.5015, 15.4832 )
mesh = SubResource( 1 )
skeleton = NodePath("../..")
material/0 = ExtResource( 1 )

[node name="RightLasers" type="Spatial" parent="."]
transform = Transform( 0.707107, 0, -0.707107, 0, 1, 0, 0.707107, 0, 0.707107, 100, 0, -100 )
visible = false

[node name="MeshInstance" type="MeshInstance" parent="RightLasers"]
transform = Transform( 0.452138, -0.398067, 0.798194, 0.660801, 0.750561, 0, -0.599093, 0.527448, 0.6024, 0, 13.5015, 15.4832 )
mesh = SubResource( 1 )
skeleton = NodePath("../..")
material/0 = ExtResource( 2 )

[node name="MeshInstance2" type="MeshInstance" parent="RightLasers"]
transform = Transform( 0.452138, 0.398067, -0.798194, -0.660801, 0.750561, 0, 0.599093, 0.527448, 0.6024, 0, 13.5015, 15.4832 )
mesh = SubResource( 1 )
skeleton = NodePath("../..")
material/0 = ExtResource( 2 )

[node name="CenterLights" type="Spatial" parent="."]

[node name="MeshInstance" type="MeshInstance" parent="CenterLights"]
transform = Transform( 1, 0, 0, 0, -4.37114e-08, -1, 0, 1, -4.37114e-08, 1.5, 0.5, 0 )
mesh = SubResource( 5 )
skeleton = NodePath("../..")
material/0 = ExtResource( 5 )

[node name="MeshInstance3" type="MeshInstance" parent="CenterLights"]
transform = Transform( 1, 0, 0, 0, -4.37114e-08, -1, 0, 1, -4.37114e-08, -1.5, 0.5, 0 )
mesh = SubResource( 5 )
skeleton = NodePath("../..")
material/0 = ExtResource( 5 )
